absl-py=2.3.1
annotated-types=0.7.0
anyascii=0.3.3
astunparse=1.6.3
bzip2=1.0.8
ca-certificates=2025.9.9
charset-normalizer=3.4.3
click=8.3.0
cloudpickle=3.1.1
contractions=0.1.73
dnspython=2.8.0
email-validator=2.3.0
expat=2.7.1=h8ddb27b_0
fastapi=0.119.0
fastapi-cli=0.0.13
fastapi-cloud-cli=0.3.1
filelock=3.20.0
flatbuffers=25.9.23
fsspec=2025.9.0
gast=0.6.0
google-pasta=0.2.0
grpcio=1.75.1r
h5py=3.15.0
httptools=0.7.1
huggingface-hub=0.35.3
idna=3.11
iniconfig=2.1.0
joblib=1.5.2
keras=3.11.3
libclang=18.1.1
libffi=3.4.4
libzlib=1.3.1
markdown=3.9
markdown-it-py=4.0.0
mdurl=0.1.2
ml-dtypes=0.5.3
mpmath=1.3.0
namex=0.1.0
networkx=3.5
nltk=3.9.2
numpy=2.3.3
openssl=3.0.18
opt-einsum=3.4.0
optree=0.17.0
packaging=25.0
pillow=11.3.0
pip=25.2
pluggy=1.6.0
protobuf=6.32.1
pyahocorasick=2.2.0
pydantic=2.12.0
pydantic-core=2.41.1
pydantic-settings=2.11.0
pytest=8.4.2
python=3.12.9
python-dotenv=1.1.1
python-multipart=0.0.20
regex=2025.9.18
rich=14.2.0
rich-toolkit=0.15.1
rignore=0.7.0
safetensors=0.6.2
scikit-learn=1.7.2
scipy=1.16.2
sentry-sdk=2.41.0
setuptools=80.9.0
shellingham=1.5.4
six=1.17.0
sqlite=3.50.2
starlette=0.48.0
sympy=1.14.0
tensorboard=2.20.0
tensorboard-data-server=0.7.2
tensorflow=2.20.0
termcolor=3.1.0
textsearch=0.0.24
threadpoolctl=3.6.0
tk=8.6.15
tokenizers=0.22.1
torch=2.8.0
tqdm=4.67.1
transformers=4.57.0
typer=0.19.2
typing-inspection=0.4.2
tzdata=2025b
ucrt=10.0.22621.0
urllib3=2.5.0
uvicorn=0.37.0
vc=14.3=h2df5915_10
vc14_runtime=14.44.35208
vs2015_runtime=14.44.35208
watchfiles=1.1.0
websockets=15.0.1
werkzeug=3.1.3
wheel=0.45.1
wrapt=1.17.3
xz=5.6.4=h4754444_1
zlib=1.3.1